573 5341705
654 4542763
562 5151048
729 1110363
584 4030814
644 4753600
739 1963315
1303 2017866
2293246 2058420
28037 2029755
28449 2350971
28116 6790222
484 2246261
548 10008967
68892 1827946
582 3868472
727 1786250
1739254 1368732
1318 2140023
732 2402715
1305 2040651
29466 2085152
29489 4741297
564 4702063
1304 2116299
39777 2025264
47671 3205717
650 4537604
1715211 1364824
39778 2109497
1110546 2206213
1608898 1253759
1203556 2461093
43675 4434262
646 4604269
113107 2041907
257758 2073131
495 2179772
46124 1972423
1351 2843889
550 5009620
1852387 1949791
208962 4715457
84135 1941328
45634 1996601
651 4587643
1302 2175186
249188 2208708
488 2570325
2663009 2402629
1379 1950388
1203590 1787542
105751 4753043
1352 2703989
1118058 1888186
51288 5341866
585 3921954
29391 1776360
102148 2015446
123834 2167077
483 1855897
571 6146036
645 4616305
54291 5504640
1470345 7123183
68891 1660690
633417 4313516
2047 2564954
496 2788421
1276 2819900
199 1862402
187326 1790958
1382 1550724
813 2420762
549 4648290
648 4312562
158836 5165114
419208 2008756
67827 5285006
324617 4818918
649 4598801
55565 2135101
425941 2684818
73010 4531496
1343 1927056
652 4187659
172042 2675037
860 2652639
35703 4941269
588 4449505
1750 3447780
28901 4744538
544580 3054312
587 4509979
851 2466452
1328 1844465
237576 2758358
137732 1765248
76860 1945338
539 2231359
176090 2112591
1501329 2525219
133448 5219433
1755099 4253311
511 4304861
45972 2662310
1443941 3234072
2718 2633077
1655 3239355
1308 1874435
73098 5068790
158823 4750611
1354 2886416
1325934 2941460
1659 4087347
230143 1576791
61592 2846347
1501332 2560526
67824 4993577
545 4945679
61648 4738607
183417 3946816
357240 4605055
823 5279612
28132 3129219
1335 2110029
83655 3054598
1338 1915903
46125 2069328
1451 7099131
546 5583202
187328 1899012
294 6475761
54736 4515919
43768 3043836
565 4555276
67826 4691864
1639133 4836821
272548 3585544
1485952 5074474
299767 4859322
1689272 3764068
61647 5581289
544581 3429949
200 1980209
636 3658728
218538 1314238
111015 3102611
1309 2068266
303 6464958
52769 3480871
341694 1761427
143361 1963305
1307 2032641
1349 1862063
666 4071923
61645 4753321
1288391 2967146
158877 4999425
885040 5075036
1408 3710726
617123 2845674
33946 2976678
158822 5537829
103621 2548334
1502943 2082857
569 4771691
1396 5168363
723 2505920
82977 4794328
1583098 2405560
29484 4756376
747 2286919
158484 4948312
502567 2333077
28141 4455612
131111 1992824
439219 2481140
87541 1749506
55085 2420222
67828 5236012
630 4911740
158852 5019857
150055 1816030
109328 2922620
285729 2260654
1401 6897781
1472 7207186
728 2560534
461393 3409556
114652 2470577
208223 4918286
154621 3981386
33917 3718565
1852365 1832359
71452 4283045
1506 1553879
158850 4031428
57706 5309927
316 4481652
1314 1799196
126385 4173550
1317 2279184
1329 2084894
1310 2185032
177972 2206437
615 5001126
633 4712448
361101 2183104
254786 1911815
1363 2041765
754 2315888
35519 1925784
40542 2506818
158849 3355307
149016 2173107
1505757 4331955
1283 2388192
1311 2231487
1348 2081399
33007 2171185
37915 3554509
28152 4790034
29486 3920984
59561 2074579
317735 3604481
106654 3948878
1177574 3962079
334735 3051702
41202 4962692
53345 3033894
1033739 3276395
315405 2224032
1522309 2666980
84109 2131520
44008 2467811
1334 2298386
333962 4265864
1261 2285453
33945 4490762
72000 2731635
317010 2729931
553 4768587
2292077 2290656
214095 2861465
2555782 3338515
112904 3099380
417368 2679410
37734 3484837
2014537 2656780
160453 4232675
703 3887547
358 5733497
263819 4587098
853 2916863
71451 4685582
106648 4515826
156456 1794469
158841 4026063
43765 2495283
614 5348171
504 2016245
1917880 5256076
93378 3875303
589437 3359197
1640685 2747364
1768 6501689
322095 2396519
620903 1562188
1246 1712818
28090 3500269
38313 4890550
1661 2412110
1747 2526269
189382 4310779
40324 4104667
1377 2227444
29430 3406326
118748 1445394
44007 2771187
202789 1926150
31973 1970443
1273 2728385
1353 3196852
1579 2049304
301 4739876
152268 5296082
1470356 4498928
1710 4310890
29394 2156633
824 2310246
2292307 4422646
160454 5506771
154288 2975602
60133 3099884
1465765 3643619
59505 2195427
319970 3368750
53346 3435672
300181 5458856
170673 4672216
44009 2857796
2292352 2599691
161879 2550373
28112 3462395
1529 3581156
1465 5467712
32002 6304132
246144 1931119
134034 3088672
549685 2297634
292 8562872
1358 2235897
85698 5034736
663 5419114
249189 2651153
33033 1698446
2748 2652109
29363 2288002
80866 6486476
239935 2796914
2751 3641724
178214 1975858
287 6342763
1547 3276808
2702 1532939
1739304 1431713
1421 4727504
13689 4943494
223900 3825972
1465825 3048018
57732 2595684
849 1699951
82981 4277290
658659 4550552
1736 4146319
1428 6063280
471 3931749
86182 6978142
2293110 2067074
1267021 2737337
42565 4173055
1399 5039248
41978 2938079
184870 2148630
28264 2013802
2756 2691998
28172 3879488
78543 6867256
67331 8580103
179628 3514286
1229621 3633800
59814 4974480
2051 2134702
856 3388451
76759 5960311
386414 2769857
673 4054036
296 5045055
228604 3318967
1304158 2744406
33936 3873567
1329411 2755349
340486 4139433
859 2125553
831 4813937
48296 4024910
115979 4758554
1405 5652426
861 3652164
206 1809285
28126 3161652
38293 4581735
1633 1828248
1286 2588763
1852379 1737508
419015 1792908
1689271 4109662
82135 1448978
42239 7188287
217090 5791208
1522311 3254161
255247 3968176
1482 7494243
1599 2040878
796942 2349342
34062 2759659
536 4830377
28137 3033469
1829 6573303
674 4065493
29485 4453330
33034 2023759
1491 3097647
1414719 2529012
1272 2858428
179995 3043601
28125 2553023
556499 3111272
634 4380824
361279 3500873
154117 4195154
1397 9753521
526729 4907496
1398 2956709
672 5093493
675 3848598
29494 5069396
71999 2912541
64104 4761888
1720204 2874686
1638 2905784
1582 3151472
2584624 4704082
1713 4077705
1280 2804293
1270 2514159
86177 3570300
1605 1911911
1276936 2556671
89152 2513062
339 5234668
189381 4367056
1509 4153788
34103 4712068
36832 4797298
1643 2849384
109790 1693942
470565 3042389
77917 2465120
850 2750804
1470358 3923463
658080 5321881
472695 2536129
28129 2930191
457421 6642978
626938 2347675
33889 3797353
1520 6244836
507750 1769705
2292353 2620484
1596 1819749
158847 2408931
1484 2648373
1748 3691121
54915 7106654
1624 2041788
1017 2704345
364298 3188664
47884 5029752
85831 4416993
2292007 3666169
586733 2432370
1465811 3453701
1366 2343094
108981 3210140
225845 3815639
1296 2879733
31998 10343158
47770 2198632
43771 2407343
136273 3833176
1034346 3629681
28038 1944384
1365 2025984
1465756 2128742
82347 1739329
51669 2642514
1686287 1641642
28031 4531987
1686286 2829308
44250 6922192
202956 2901291
54007 1938396
1282 2555214
86668 6465082
1274 3212947
1871030 2511875
169292 2708666
1650662 5573171
168471 3153742
29379 2340822
263 1819223
1478 5909365
82801 2361528
2292355 2870526
1292 2622564
215200 2033615
303541 1747169
29385 2911801
182710 3908962
76113 4231577
1843 5183587
840 3583765
1502 1334452
258224 2644744
135735 5438709
28028 2804752
1381 1745611
1287657 5031959
47880 4832867
273677 2993357
29359 2662056
1639 2941580
57480 4114911
2741 1995556
1033740 3027629
76112 4292706
1749 3088334
339268 5650981
2291994 4309943
1744 2656516
1898203 3383414
223527 4205910
1499681 1996480
1465757 1877638
582475 5288294
1598 2018957
174709 2087394
336566 3426088
330084 10292977
2293107 2705328
308354 2677111
1588755 1409950
1084 3941025
70255 2683717
1540 3074367
207340 4823545
38875 5207575
1581 2595504
29360 4792882
419005 2448575
46256 1952512
33932 4974435
1581081 4171916
39490 3555825
53374 2601230
80878 4328818
28131 2907397
319653 2309703
104336 3790914
1406 5817682
98671 2510694
676 4912465
1522315 3803419
74426 2218240
1019 3001174
446 3309272
1407 4675160
33905 2286420
1232430 1542691
1232427 2279825
1641 2631158
36822 5280870
1255 1764109
173 4997595
1622 2225241
273678 4004149
1470348 7520617
33032 1975635
1499685 4108002
113287 2409838
172901 5273837
479117 2426672
1288 2861025
1720313 5587194
133926 2083931
2292348 7334936
2292273 4156046
100884 3811148
1725 4567613
2293093 2678348
33028 2504203
1522 4904336
1623 2150729
1903263 2651151
28117 1801265
1778 7433096
28127 3082916
1522318 2820796
1393034 1482084
1033736 3471628
351095 3975079
79885 3966042
2035 3877025
189722 2570222
138300 2537292
36841 3989898
90244 2728259
40216 3094893
1421019 3615183
1689303 1855655
76517 1736533
217031 4909493
199591 3141544
1260 1854451
227942 1877859
29405 5777957
847 2468031
47850 7346042
97478 1966844
1631346 2879867
1522317 2971186
1898205 1980677
1776381 1829501
86184 3560996
1499680 4365829
1364 2294839
876 2256909
197183 3341917
1550024 4161056
1499686 3719808
51173 3531785
290588 4109200
1527 4716973
78345 2315397
29382 2623655
28133 2750378
83615 3475970
756892 3175531
354351 4712254
78342 2048832
1499683 4381497
2485925 2824269
225992 3592340
399736 3456984
1720194 3455956
1470350 3555841
59845 6709668
2584652 1869361
309120 1282080
1686 2105617
1473 4761943
2293103 2875866
1251 1670565
1584 2099752
1472764 1793024
1329796 3464556
1252 1803605
820 4781162
293371 1859206
137838 4722533
56946 5342322
28139 2928429
1898103 1742610
1544 5792621
73030 3686701
545501 4665693
670 5238141
47229 5430782
1739356 1499181
1640 2938606
407975 2762290
28135 3207894
2302964 3130590
1121298 4317588
884684 1840568
518 5144967
161920 3852190
33037 1915957
75588 6361056
305719 3080661
1402 4209088
159896 3064249
39483 3277943
156976 2595835
1033741 9293511
2317 1789561
1805477 4658019
1694 1975982
147645 4491824
405770 3076818
82633 6976318
46353 2999160
136609 2137613
1601 2170215
37637 2338147
1464 4342651
185951 3875813
1698 3942856
35786 1448795
633701 2932265
343517 4769551
1723384 1761760
1499684 4128559
51101 5261038
1720302 3736428
33036 2197551
1464554 3364033
1805472 3122368
1393 6216503
1603 1589169
1824 7070739
1587 2051929
1232429 2707442
626934 2146269
39492 2734721
292806 4068916
59843 6232578
1691 1748666
1249 2006220
43131 3246820
173362 3836760
1522310 3893255
1476857 4761646
41200 1398030
945692 4335537
43663 5292198
33878 4240650
1622072 4037889
572010 2288045
43770 2839626
1727 3231270
124798 3271944
671266 2994884
35841 3885384
1347366 3780360
1018 2987655
28198 2050843
261299 3079472
1404 5438400
1622075 1842296
1604 2088969
86664 3526266
47885 3294018
2293046 3182332
106649 4776902
2292047 2611723
827 1609330
71237 2565411
1610 2877193
106588 3976979
2292045 2670566
37923 2442681
228603 3590216
985002 2800213
2049021 1209389
1254 2033244
1522308 4743250
1071052 4463147
43767 6422799
1078086 9479067
105841 3305250
596085 3077141
529 4969168
45242 2790389
244 3343277
2292040 2693440
480 1934149
1720192 2285505
1692 1859310
2292366 2633639
36805 3467786
36740 2312310
1290 2152072
931533 2474244
649756 2492344
363265 3171328
1632858 2885888
457398 3710020
28128 1814168
272240 2885013
881 3781174
79880 4718906
257984 3611571
69823 2611309
36834 3608374
1285 2859074
2054177 1711731
1580 2506520
156205 4170784
1513284 4656083
671218 2639997
322505 2123491
1739305 1712282
1686289 3614636
199592 3667279
188913 3122794
1533 2787148
152297 4197366
1751 2994617
201 1584642
1766 6217689
1561 3252031
154046 7148679
101070 3899430
2292195 6072193
284581 4665175
2584646 2932857
47883 6260645
651822 2773905
151781 2034471
1232428 2774018
78259 1827943
166935 3914729
931534 1587453
28111 4040730
2292271 4409619
46228 2769669
38284 2675434
1033734 4722277
2292192 4931925
521392 2261422
178001 2085753
1324350 3105270
2584644 5178912
487175 2887065
387090 4100607
33987 3165114
1620 1802366
228574 6895639
1673724 1944600
1462526 4408224
100468 3360076
202951 3416655
187101 1251139
53413 4962502
31971 2235929
54005 1760924
405946 3643575
216816 2399949
76884 3880780
470 3758244
1281 2609342
84407 4437805
1564956 4261019
29388 2428830
237258 2790105
1588 2766765
84163 1644886
522492 4783183
49338 5274000
1788 4589055
1258 2262050
300019 3467797
1776388 2959621
293 3297711
254759 4571631
29321 2145336
267818 2153116
2292349 2565883
180332 7306777
1735 2514813
1720199 1953597
586413 3855538
108486 2765241
1531 5020573
817 5293588
1870984 2115047
1479 3281830
1301100 3803398
1898202 1672228
28136 2845328
1642 2868097
152794 3259971
1473216 2362986
826 4561821
172045 4325323
1465823 4240877
178340 4241787
156979 2121641
147802 1291817
13335 3871923
52227 3406549
39791 2920947
152331 2607005
2292046 5230894
1816676 3853152
42817 2065902
1414851 2549277
1161942 2605453
13690 4624438
119219 5117136
1631871 2185631
52584 2673577
39486 2903767
1455 4055379
1914538 4466024
1499689 3799081
1470354 3141939
1589 3880113
132132 2829881
1852373 1692498
1784 5855346
228229 1747618
1468449 4185362
47715 2940251
684065 3328234
1496 4171650
2754 2690108
170573 2533731
598660 2752262
214853 2440994
52242 2070519
2292287 3778673
1934 6169665
1622073 2575111
1494 2465949
1203592 7987662
38301 2819063
28026 2226678
2292053 4250464
218284 4476409
198119 6347172
1705 2775591
297318 7880272
2293028 3597607
1414718 5000814
1333651 2559195
60520 3162544
582851 4861326
40518 2577984
163202 2279531
1583 2318658
116085 3464438
626940 2442757
227945 2198909
1462525 4117476
1423 4111800
271431 4648563
47886 5493659
273528 2825645
2478480 3341680
1512 4983615
907 2505715
394098 3153927
33968 2287067
1715158 2564587
29378 2586175
1577792 3949358
1391 5409558
2292072 3735208
220685 5456212
187491 2550227
1653434 3314277
28200 1994545
1325933 3619173
1078083 2510179
42858 2762464
2292901 3407502
1263547 3138891
61015 2780078
54062 2276501
420645 2073025
33011 2021899
135517 3431592
658665 3954581
36874 2408019
1462527 5456504
53363 2619910
358742 6127360
304207 3185664
1014 2301423
76122 2618571
487174 3349939
129985 4685177
556261 5498882
318465 6364844
29348 2659027
273384 4429499
2498093 2727213
1288120 1820497
437897 2359587
58172 6952721
2292048 5416759
33895 5988293
263474 4908370
1629 1564036
1422 3365037
66851 2182350
396323 3200937
2292893 1845895
2292358 2917981
2292241 5125243
2044939 2332636
1513 2974287
1232431 6810434
2293050 3656686
1537 3832190
1323 2516316
401472 2357585
901 2907092
1871336 2018500
1347392 3243165
2292197 3071952
158787 3197911
267128 3750517
301302 3615948
1467 4390700
453783 4005679
1816696 4605524
147207 1909171
1133319 5471526
360807 3694368
2584657 4995399
89153 3949872
72361 4340024
29354 5338860
1718 3166998
2292231 2736755
1631 1517898
152682 3721901
1472765 1796525
1226325 6735663
40545 2864714
29347 3703843
1203033 1967482
35817 1827222
33964 1721472
223184 3109759
1689269 5330164
135193 7561328
1347393 5089546
46507 1830732
1720315 2117594
1532 5192742
83683 1566250
31943 3660194
225917 6403431
196 1878051
69279 4863520
119858 4708680
84031 4063041
2292977 3727263
1078085 3566816
2292247 3143215
189723 2483689
33962 2496821
45851 2162083
2292182 3171592
1323361 5259021
1232436 2370078
40215 3403246
2292075 2257789
33959 1997488
256466 6764971
2293233 2947492
1673723 1663002
1737425 3124634
100886 2758042
33043 3283526
33012 2300860
242750 3332979
240302 4191328
1703 3976099
165179 3820370
316068 4127449
290053 4065682
687436 5999100
2293102 2192542
2039 906693
1627894 2860208
29384 2669797
33029 2011784
2201815 2746309
1295 2450094
215 2186779
1285585 2173740
33031 1657972
257708 5480512
2292206 3627445
238 3933654
2293016 3152050
2292891 2569340
420404 2831920
2292904 2870309
1852374 1770970
1585974 2886712
28130 2868069
2293041 4033862
2292232 2309572
1816694 4196116
1681 2201393
487316 3510590
2292269 2982539
1465809 3982748
88431 3188362
2292211 2127063
1764 5194981
762210 2826425
2292316 2259131
198 1726405
649746 2151598
227944 2114587
1702221 2584989
1654388 2813936
46503 4458434
77635 2816704
2292069 4415970
1203555 2316554
90245 2416453
450746 2536881
2292274 3617282
1965631 2336664
271420 4364166
208479 6690210
47500 6377216
39485 2919611
38304 2405744
191390 6333683
1615 1382012
29523 2454737
28447 3452356
2293098 2958751
1622070 5923047
114090 2113706
454154 4709752
2292992 2506498
2292986 3376572
1776384 4307354
1720300 3108710
123841 1632756
86185 4874098
246432 2827440
160386 3184813
1504 3447446
2293210 3763317
2052179 1870676
78258 1922523
745368 3260198
312277 3043106
29380 2631061
2584662 2549887
2292251 3678116
168384 4583288
1590 3255701
1452 4183515
28025 1944768
1773 4466579
1218493 2123687
298596 3479622
1816681 5739856
638849 2607131
45462 5265349
2293072 2890613
83816 2986277
52226 2539391
368624 3488124
398626 2399541
1499687 3399066
72360 3989269
437898 2423019
2292066 4204652
200991 3548891
1613 1860357
40520 3667094
2292371 4084937
1245 1663380
626935 2562660
488546 1785071
333367 6318859
2305241 3565587
2293133 3185951
1465766 5692786
626929 4013524
33035 6337003
28080 1670996
250 5288598
197 1648538
86665 4254940
77768 2728156
2292254 2454040
170994 3148250
28123 2213770
28052 2811315
244566 6143598
2292000 3528666
216778 6681369
1650661 3497755
1597 2701617
69825 6463606
230361 2575404
210 1646158
1965636 3504687
1737424 3598489
163665 3976268
674529 6294637
2292999 2870444
2292941 4002929
1972561 2063203
1078505 6442990
2292892 3289326
1720296 5439176
327277 2403201
249058 5425782
227943 2278270
1739394 1760153
134533 2962890
29361 3180741
291644 5931857
1737426 5124369
1505 3440022
1390 3995731
1492 11751838
1118054 5126765
2293089 2762022
2293010 3148562
426756 3029976
29419 1957085
2584677 4290626
1218494 1964960
501571 3367687
2584684 3603958
1693 1903285
33038 3251528
36809 5130591
518643 2198501
292800 4663447
2292961 4102054
2292363 6164281
1755241 1849379
2292236 5275915
1852375 2703765
169435 3733547
2302970 3169621
2293138 3433023
1776378 5587459
1685 2288805
137591 2539166
2292300 2925018
94625 4751975
324767 4945833
310514 2752244
310300 3492723
2584699 3547048
156974 5243091
1470347 2811836
114529 3942714
338188 5073421
29459 3333669
742723 2246874
498718 2785476
2291997 2639059
2030927 2478336
195 1689444
487173 2532469
428712 1645546
187979 2420051
1776382 3718591
54913 6295658
39491 3492781
1871018 4110299
1720298 1762380
1697 2801142
141349 6904211
61171 3796432
2293048 3185959
1297617 3264908
35833 4446458
2293000 2841656
1574262 2617787
358743 6121607
1600 1366118
428988 3770408
41976 2078034
341220 4906506
329854 5859070
328812 6882664
310297 4065163
2292310 3964199
1955243 2620229
1099853 3456243
321846 6220827
259 6027679
2584642 3324427
2302968 7313094
214851 3468043
213 2248415
1965618 2754875
1689 2632778
46506 4127020
2292284 3929145
162209 5365310
1528099 1947194
446660 2898378
301301 3599666
2584700 3719309
2292001 3795817
1834205 2521615
84026 3523478
571438 2755748
460384 6490081
28446 3117520
905 1952307
626931 7177755
310298 3614949
1472761 2309221
37372 2562958
1274374 5655305
47678 5490217
471189 3755275
28454 6085074
1852368 2806776
1650663 3878958
544644 4268063
1673717 3572686
1335613 2892681
837 1968130
53443 3586896
29370 5376114
1816678 2684186
1197717 3244608
28197 2259350
2292311 3474325
2070686 2625502
130049 6475263
544645 4934162
1683 2047332
1120746 3786484
555313 2550016
28118 4652855
2584697 2986839
2292887 3404361
2292270 3425244
147206 2509399
2293199 3288550
2292190 3160760
626937 2981377
580026 3064728
477666 3683450
2293242 2157537
2292240 6973308
49283 6575864
270498 3195585
2293125 4057837
2173 2004030
1870991 3023335
457415 3329028
2292304 3262545
1816677 5028166
1673719 1927685
626933 3820971
552398 3237894
418240 4168802
28124 2105240
2292054 4005821
438033 4153823
35818 1980211
2292281 3809747
376806 5016247
2292201 3446877
1680 2234433
1506471 2508438
1077256 1754048
626932 2973405
40519 3155907
214856 3588749
166486 4365286
1226323 3651347
818 6563052
1288121 4068285
821 5357349
328813 3581593
291645 5565201
157268 1713425
1504822 2488495
1078087 6847007
39441 2249778
1476858 4066393
1080712 2655288
281920 2286619
246787 7038070
454155 3845183
328814 3281155
2585118 3203523
2053574 2826703
1849041 3067956
2584566 3169966
2292244 3165216
214 1625747
1465754 3534559
574930 4411038
376805 3498946
1414721 3667561
1379702 1938164
691816 4990832
1965580 3607133
1574265 3155930
626930 4392992
1780376 2359926
225004 2404183
2022527 3075739
397865 3128257
2584632 2384352
1406512 1765315
