1000 2176737
1001 6092914
1002 3864718
1006 2741290
1007 3003526
1008 1739566
1009 1809170
1010 4528241
1011 2149385
1013 2260187
1014 2788808
1015 2461563
1018 4261367
1024 2505445
1025 1891545
1027 2962513
1028 2560878
102 3330624
1030 2504912
1032 4547476
1033 3675824
1034 1427918
1036 3750216
1038 3325721
1039 6486514
1040 5049466
1041 1191088
1042 1736722
1043 4965193
1044 3267429
1046 1478811
1049 3378741
1051 2167667
1052 2306396
1054 1667408
1055 3481777
1056 2570641
1058 3593561
1059 5999279
1061 1169762
1062 1885592
1064 1625916
1065 5266198
1066 4935125
1068 1464389
1069 3528951
106 1434556
1071 2369528
1073 1714951
1074 2790185
1075 5004730
1076 2986625
1078 4363538
1079 3804864
1083 4239024
1084 2184843
1085 2352626
1086 4470927
1087 2090458
1089 3571245
108 1363105
1091 3357017
1092 3460754
1093 1776527
1094 3143441
1095 3091319
1097 1365776
1098 3274581
1100 4886981
1103 5736823
1104 5339468
1105 2049854
1107 2012818
1109 3154435
110 4968008
1111 1919828
1113 3009940
1114 5262465
1115 2359825
1117 4730558
1118 2121954
1120 3105129
1122 2012746
1124 2280051
1125 4325182
1128 2366800
1130 3531491
1131 1703872
1132 3487504
1134 2911793
1135 2610517
1137 2012593
1138 2084459
1139 1965168
113 2377736
1141 3654385
1142 1593339
1143 3854614
1146 1700744
1148 4155491
1149 4353177
1151 1649118
1152 2064828
1153 2399821
1155 1273378
1156 1846571
1157 4889793
1159 6750396
115 1762765
1160 2673248
1162 3078759
1163 3650957
1164 2519783
1165 1819449
1166 1523903
1167 1150886
1168 2017891
1171 3238901
1172 2248406
1173 2832748
1174 4498956
1176 2943413
1180 3012737
1182 2435824
1183 5023250
1184 3325234
1189 3773289
1190 4907161
1191 3793747
1192 3410950
1193 5056031
1194 2621559
1195 2504704
1196 2745360
1198 2253482
1199 2806718
119 2886615
1200 4020363
1201 3238347
1202 2163775
1203 1945578
1205 1072433
1206 2108740
1207 3399441
1209 5077023
1211 3856267
1212 4697885
1213 5427315
1216 2473880
1217 2055486
1218 2103818
1219 1565244
1225 1766648
1226 3318223
1227 2138170
1229 5677722
122 1084208
1234 5203418
1235 4490212
1237 3643390
1238 2653439
1240 1818711
1243 3694439
1244 1739382
1246 3397023
1247 2427904
1249 1649544
1250 2042785
1251 2192750
1252 6173289
1255 1977806
1256 2266147
1258 4794474
1259 3954365
125 3046184
1260 2463546
1261 3343822
1262 4424695
1263 2570721
1264 4305808
1266 2280503
1267 3531725
1268 1891686
1269 2857367
126 1330798
1271 1532398
1272 3891993
1273 4770522
1274 5343412
1275 4738949
1276 2599783
1278 3434704
1279 3713821
1280 2823639
1281 3129928
1282 3410512
1284 3982639
1285 2255545
1286 3788330
1287 2704250
1288 3712458
1289 2479455
1291 3436300
1294 2691378
1295 2478823
1298 2196853
1299 5657158
129 1640788
1300 2830308
1301 2026568
1302 3215546
1305 3322119
1307 1849488
1308 5484149
1309 3143729
1310 3833821
1313 2712076
1315 1603423
1316 4594075
1317 1544915
1320 2598321
1321 2667664
1322 1472277
1324 4108691
1325 2852137
1326 3930699
1327 3231072
1328 1867105
1329 2363031
132 1231601
1330 2031516
1331 1306027
1332 2824738
1334 3348621
1335 3564571
1337 3615034
1338 1715864
1339 1302300
1340 1507037
1342 5862145
1343 3602220
1344 1591687
1345 1208730
1346 3822891
1347 3081888
1350 3427329
1351 2550678
1352 2129370
1353 4773474
1355 6684403
1357 4702581
1358 2246614
1359 2181331
1360 2663266
1363 4618450
1364 3035642
1367 3113700
1368 3903827
1369 2999081
136 3925888
1370 2731235
1371 2686912
1373 4094628
1375 4116467
1376 1161383
1377 2976145
1378 3921942
1380 2395159
1382 3382629
1383 2840923
1384 4357692
1386 1921530
1388 1374960
1390 4863531
1391 1998441
1392 3622605
1393 1520675
1395 7202111
1397 2509362
1398 2608967
1399 1889366
1400 1374088
1401 2721018
1403 5614755
1405 2764780
1408 2284703
1409 3112947
1410 2382499
1412 3659018
1413 5102772
1415 1173749
1416 4207226
1417 3456217
1418 2855693
1419 2265437
141 76076998
1420 4089020
1421 4387829
1422 1647230
1424 6362995
1425 2331554
1426 1972012
1427 2954116
1428 1194841
1429 4631466
142 2466950
1431 1880847
1432 2006111
1434 3358325
1435 3268107
1437 3193765
1438 4572147
1440 3027291
1442 4988607
1445 9172134
1446 4948992
1449 3063528
1450 6166452
1451 2145066
1452 1764117
1454 5408082
1456 4133670
1458 2479772
1459 3656239
1460 1756109
1462 1959873
1464 4956281
1465 4273558
1467 3288793
1469 2001584
146 1583580
1470 7042795
1471 1845545
1472 2132219
1473 2965437
1476 1383591
1477 2092236
1479 5263775
1481 2385409
1482 3946363
1483 2187878
1484 2708253
1485 2810675
1486 3493311
1487 3564998
1489 2842397
148 2477350
1490 2514029
1492 2090771
1494 4967913
1496 3653255
1498 2228546
1499 6476507
14 2014387
1500 2036949
1502 1815977
1503 2957724
1504 1500025
1506 5515107
1508 3523548
1509 3867973
1511 2108901
1513 1640402
1514 5449445
1516 3151426
1517 2457263
1518 1705064
1519 1389164
151 4207346
1520 1209423
1523 1763421
1524 5122475
1525 2010770
1526 5264779
1528 1447956
1529 1905072
1530 2073628
1531 1566655
1533 4670976
1535 2263240
1536 2217592
1537 2836446
1540 2849407
1542 1916258
1543 2537318
1544 2120720
1545 1868390
1546 1989891
1547 1964232
1548 2525977
1549 3412690
154 2286602
1551 4497091
1552 1649151
1554 2340138
1556 1950565
1557 1529515
1559 2119335
155 1741734
1560 2071607
1562 3995023
1564 2824716
1565 2296408
1567 1917437
1568 1888139
1569 5860621
1570 3144656
1571 4928829
1572 3813122
1573 2020615
1575 1621211
1576 2741974
1577 2369669
1578 1697277
1579 2416932
157 4186633
1580 2007181
1581 3404640
1582 2004594
1583 1599854
1584 3326062
1585 1675234
1586 1975847
1587 5154159
1589 2720267
1591 1854240
1593 4845100
1594 2837000
1595 4562306
1596 2364040
1597 2066544
1598 4771304
1599 4722963
1600 3054497
1601 2239520
1602 4599950
1603 5924245
1604 1974590
1605 5059704
1606 3443473
1608 1864341
1609 1665702
160 1810024
1610 2902150
1612 2792636
1614 3147737
1615 4100607
1616 4197635
1617 4371606
1621 1983561
1622 2033458
1624 1578228
1625 2193999
1626 2029837
1627 3069885
1629 5076885
1631 1823678
1632 3441323
1633 2151595
1635 2573208
1636 2577056
1638 2473241
1639 2042909
1640 4526044
1641 3422495
1642 2423712
1644 2244087
1645 8388709
1646 4302945
1647 3802096
164 1763641
1652 2577668
1654 2826736
1655 2173494
1656 2570475
1657 1564270
1659 2672431
1660 3100012
1661 2976740
1662 2958631
1663 4610361
1664 1604284
1665 4309569
1666 2855429
1668 5654180
1670 1364574
1671 3953404
1672 3410500
1673 3878769
1674 1450348
1675 1245505
1676 2466093
1677 3218254
1678 6692195
167 2506353
1681 3424272
1682 2141975
1683 3019490
1684 2206288
1685 4477475
1686 1953909
1688 1942827
1689 2360136
1690 4739968
1691 1940370
1693 1473797
1695 2081181
1696 2598727
1697 2042501
1699 3932530
169 3896203
1701 1402736
1704 1343465
1706 3803778
1707 3773011
1709 2033021
1710 1882952
1712 2630908
1713 2690194
1714 5087499
1715 2638970
1717 3104058
1718 3076437
1719 2009507
1720 2852528
1721 3368907
1723 4030172
1726 2759678
1728 1956406
1730 2083724
1732 5584690
1734 2120040
1735 3341375
1736 1140462
1738 1806744
1739 2174425
173 3084178
1742 2123925
1743 5255807
1744 2604985
1746 2476884
1747 5156194
1748 2451831
1750 1936952
1751 3639158
1752 2458350
1753 1136343
1754 2198693
1756 1850660
1757 1735074
1758 1877343
1759 1543318
1760 2326356
1762 3303166
1763 1481282
1764 2429033
1766 1620766
1768 1224500
176 2554789
1770 2850586
1771 2903436
1772 1471933
1774 3441652
1776 3268278
1777 1836142
1779 2621918
1780 6397762
1782 5668632
1783 3780856
1784 3026655
1787 1899995
1788 5803850
1789 4635405
1791 1317663
1793 3068248
1795 2845821
1796 1948071
1797 2173720
1798 4300117
1799 1731903
179 4703474
17 2494407
1800 1948050
1801 2725575
1802 1511126
1804 2680191
1805 4324694
1806 4410591
1807 2361241
1809 1808290
1810 3126606
1811 3948172
1812 2436766
1813 1947461
1814 2065216
1815 2694868
1816 1684653
1817 3701123
1818 5030699
1819 1872282
1823 2547857
1824 3012248
1825 5512240
1826 5662192
1827 1746417
1828 4958664
1829 6684898
182 3306065
1831 2487483
1833 4216923
1835 2636961
1836 1751953
1837 2050770
1838 3158014
1840 1482893
1841 2094981
1842 2241837
1844 2919315
1845 2232439
1846 2491816
1847 3472493
1848 1661999
184 1139686
1850 3744568
1851 1741617
1852 2953222
1854 3084227
1855 1976904
1856 3976274
1857 4125344
1858 1924634
1859 1573020
1860 4450077
1861 1416081
1862 4009104
1863 1789116
1864 2891162
1865 2892121
1866 2739679
1867 3010111
1868 3987368
186 1773998
1870 3929849
1871 4030245
1872 1481172
1873 3383570
1874 1821055
1875 3315322
1876 2569277
1877 3484843
1879 3458647
1880 1770849
1881 2186237
1883 5846629
1884 4783145
1885 1773949
1886 3805205
1887 5050953
1888 1751049
1889 3371135
188 2196175
1890 1663723
1891 2771606
1893 1946426
1894 3157885
1895 5342742
1896 4542842
1897 5414722
1898 4017609
189 2135140
1900 6089737
1901 1869856
1903 2208348
1904 3900136
1905 2268272
1907 2415920
1910 780951
1911 7416064
1912 2155170
1915 1981101
1916 2058319
1917 3808262
1918 1537388
191 4885099
1920 2462654
1921 1594520
1922 1825806
1924 2530521
1925 876170
1927 1494481
1928 3357599
1929 2493224
1930 1197670
1931 2422684
1932 2176976
1933 3361404
1934 2240769
1935 2669996
1936 2136685
1937 1895632
1939 2726916
193 1217394
1940 3148284
1942 1886233
1944 2402156
1945 1449105
1946 1897749
1947 6979496
1948 3412302
1949 3906921
194 4764068
1950 2985142
1951 2527682
1952 4918317
1953 1844507
1954 4661482
1955 1715041
1956 3117648
1957 2712841
1958 4365701
1959 1622414
195 3097673
1961 1802380
1962 1894829
1963 1849821
1964 3389503
1965 3614176
1966 1965871
1967 2320359
1968 3749229
1969 3503945
1970 2081813
1972 3494954
1973 2636006
1975 1379804
1976 4521825
1977 2032895
1978 1932823
1979 4168980
1980 1982357
1981 4276654
1982 3277016
1983 4945242
1984 3507168
1985 1978596
1986 1963853
1987 1866538
1988 2395522
198 1127366
1990 3478423
1993 2583563
1994 1946454
1995 2842572
1997 2006126
1999 1304133
2000 2078798
2003 982783
2004 3138070
2005 2804290
2006 2644330
2007 2072889
2008 1387413
200 3680628
2010 1764500
2011 1959286
2012 3001027
2013 2749621
2015 1826765
2016 3001000
2017 2941624
2019 4213059
201 2480296
2020 4441003
2022 3460249
2023 2733599
2024 2755781
2026 2471397
2028 2740278
2029 2508735
2030 3372203
2033 4657724
2034 5715629
2035 3714607
2036 3127451
2038 5254771
2039 4682858
2040 7087734
2042 2619374
2043 3683553
2045 3627630
2046 2088006
2047 1644309
2049 4391194
2050 3888864
2052 5924107
2053 5062001
2055 3256635
2056 3795623
2057 4846469
2058 2255536
205 2394594
2060 2339347
2061 3187624
2062 3633256
2063 1183274
2064 2812533
2065 4686183
2066 2035249
2067 6087376
2069 1362982
2070 1796209
2071 1748688
2072 3233902
2074 2634532
2075 2319588
2076 3302780
2077 3063217
2079 2934258
2080 2629881
2082 1784936
2083 2968500
2084 1890782
2085 2244779
2086 4456944
2087 2427938
2088 1925331
2089 3612475
208 4940901
2090 2349574
2091 1615834
2092 2223689
2093 3050452
2095 3829505
2096 2132910
2098 2648172
2099 3028354
2100 2845901
2101 2762447
2102 4983851
2104 3260545
2105 1795828
2106 2548117
2107 2702422
2108 3463059
2109 4364814
210 2596897
2113 7887973
2114 3592125
2116 2443711
2118 2650850
211 3123324
2120 2262929
2121 1377855
2123 3211248
2124 5624300
2125 2303173
2126 3071336
2127 2079525
2128 4638653
2129 3287261
2131 3014016
2133 1065888
2134 2071079
2135 3362050
2136 3127383
2137 5782172
2139 5238503
213 5880143
2140 4074146
2141 2552003
2143 3475353
2144 1808392
2145 3009500
2147 3660245
2148 2491297
2149 2100411
214 77801040
2150 1712109
2151 7110046
2152 1856381
2153 1996302
2155 1920334
2156 3904224
2157 2284954
2158 5355248
2160 3164379
2161 2758171
2162 1985893
2163 1997974
2164 3509866
2165 2484103
2167 3329949
2168 1810687
2169 2598681
2171 6537383
2172 2510144
2173 2630450
2174 1671491
2175 2492085
2176 3298970
2177 1497242
2178 4577257
2179 1541311
2180 1842627
2181 3191314
2183 4190038
2184 3499862
2185 3091301
2186 5774847
2188 3242215
2189 3035220
218 3098456
2190 2069247
2191 1711330
2192 1590794
2193 7470188
2194 1178622
2195 3835549
2196 3357525
2197 1974388
2198 3962855
2199 3410784
2200 3585455
2202 1961725
2203 6548966
2204 4051274
2206 3323522
2207 4433668
2208 2783391
2209 2075441
2210 1714563
2211 1233255
2212 1855725
2213 6254364
2214 3613665
2215 6003748
221 4965295
2221 1561461
2222 3817683
2223 1715963
2224 5388101
2225 4421924
2226 3761103
2228 2370791
2229 1923750
2230 2810441
2232 2687276
2233 3005736
2234 4872341
2235 1877486
2237 2086024
2238 3230817
2239 6549476
223 1290558
2240 2985330
2241 1646276
2243 2341596
2245 2532364
2247 1812730
2248 4663249
2249 3326589
2250 3376475
2252 4188269
2253 1664197
2255 2305677
2256 1421456
2257 2121938
2258 6168028
2259 3346458
225 2004853
2260 3744856
2261 2769057
2262 3024365
2263 1915934
2264 2539580
2265 1432751
2267 3028326
2268 2959023
2269 1807406
2270 6348904
2271 3172613
2272 2104226
2273 4277571
2275 900163
2276 1864179
2277 3617583
2278 1845689
2279 3613635
227 2204918
2280 3992130
2281 4510901
2282 3083338
2283 2259768
2284 2356822
2285 3364070
2286 1801215
2287 4537596
2288 3488964
2290 1658978
2291 1823789
2293 2140537
2294 3613503
2295 4723531
2296 5878941
2297 3090795
2299 1265326
229 1753385
2301 1939600
2302 3118216
2303 2507885
2304 3016685
2305 2516774
2306 1635313
2310 3667136
2312 2240130
2315 3874680
2316 3141705
2317 3837179
2318 2568452
231 3728016
2320 2543735
2322 2633477
2323 2571408
2324 3017944
2325 4513078
2326 3962601
2327 2833887
2328 2661757
2329 2287856
232 3065949
2330 2464025
2331 2374877
2333 1832315
2335 1557441
2336 4486197
2337 2937832
2338 1971073
2340 2773330
2341 1983527
2342 2629642
2344 1359220
2345 2814686
2346 5444912
2347 2029735
2348 5370356
2351 1995172
2352 2921277
2353 4643861
2355 1892589
2356 1884438
2358 5701016
2359 2889150
235 3294868
2360 4486744
2361 1961384
2362 2187920
2363 4918955
2365 2076937
2366 3250001
2368 4199690
2369 1318863
2370 3083830
2371 2316911
2373 3141706
2374 1465150
2375 1784002
2376 2596092
2377 3398250
2381 1943147
2382 1704884
2383 2252077
2385 2398022
2387 1272541
2388 2314164
2389 1538481
238 4057828
2390 4372611
2391 1944101
2392 2679456
2393 1992540
2394 3747128
2395 1726565
2396 2526414
2397 5116282
2398 3867293
2399 1204906
23 2046632
2401 1450753
2402 1929163
2403 2368327
2404 1766269
2407 4217920
2408 3951783
2409 4208157
240 1536892
2411 3364395
2412 1819700
2414 1875451
2415 1745390
2416 2271514
2417 2094695
2418 2822689
2419 1880579
241 1980223
2420 1402119
2421 2565811
2422 2310000
2423 1974122
2424 2227904
2426 2536943
2428 2597744
2430 1866920
2432 2265948
2434 2234011
2435 1550033
2437 1608657
2438 2409721
2439 2823222
2440 3103959
2441 2725478
2442 2686801
2443 1833064
2445 2130526
2447 2081332
2449 1794671
2451 1695494
2452 2518303
2453 2531817
2454 1528030
2455 3715652
2456 2128230
2457 2149943
2458 2487718
2459 2217766
2461 2303090
2462 1811394
2463 2552458
2464 2901403
2466 1681255
2468 2615547
2470 1023795
2472 1026515
2474 927667
2476 1139688
2478 1115602
247 2933446
2480 1294689
2482 1393460
2484 1119698
2486 1142930
2488 1235249
2490 825696
2492 2356172
2494 1744938
2496 2232010
2498 2369275
249 3553721
2500 2476067
2502 2919488
2504 2399745
2506 2128419
2508 2766114
2510 2481222
2512 2510351
2513 2196597
2514 1836309
2515 1760859
2517 1798758
2519 2138143
2521 2381083
2523 2107758
2525 3636319
2527 1672778
2529 1270081
2531 1773026
2533 2922707
2535 3787047
2537 1626797
2539 2698113
2541 2231746
2543 2239460
2545 2046001
2547 2309879
2549 2362060
2551 2841804
2553 1511057
2554 1880790
2555 1930821
2556 1517347
2557 2001330
2558 2291044
255 2127186
2560 2212369
2562 1907667
2563 2333717
2564 2233925
2566 1721573
2568 1976012
2569 2343519
2570 2797749
2571 2710592
2572 2479856
2573 2478899
2575 1547831
2576 2160614
2578 1729387
2579 1909791
2580 1887881
2581 1925341
2582 1933650
2583 1966898
2584 1857870
2585 1241899
2586 1455193
2588 2308524
2589 2097868
2591 1099788
2592 2166830
2593 1833273
2594 1887218
2595 2117574
2596 1721016
2597 1708212
2598 1828862
2599 1567717
259 3197837
2600 1764558
2601 1727677
2602 1615034
2603 2038651
2604 2070552
2605 1746475
2606 1270388
2607 2282853
2608 1755797
2609 2037503
260 1790835
2610 1751837
2611 1754576
2612 1313609
2613 1209559
2614 1990373
2615 2097770
2617 1776420
2619 1982744
2620 1280127
2621 1605062
2622 1465303
2623 1602907
2624 1763227
2625 2697118
2626 1748444
2627 2338223
2628 1876873
2629 2385116
262 4418465
2630 1305060
2631 1714265
2632 1558058
2633 1653947
2634 1338137
2635 1702468
2636 1818738
2637 1204509
2639 1157710
2641 1747376
2643 1970599
2645 2106167
2647 1457643
2649 1972754
264 2612842
2651 2318993
2653 1983140
2655 1024424
2657 1366229
2659 1478585
2661 1619445
2663 1840905
2665 1758425
2667 1699873
2669 2140419
266 2560730
2671 1242949
2673 1546998
2675 1745511
2677 1979607
2678 1197031
2679 1270591
2680 2373085
2681 1864052
2682 2557345
2683 2222403
2684 2620760
2685 2337720
2686 2365658
2687 2234911
2688 2224694
2689 2425197
268 1364353
2691 2462692
2693 2191682
2694 2438245
2695 1997651
2696 1366914
2698 2512610
2700 2174745
2701 1790191
2702 2854163
2704 2286055
2706 2273272
2708 2612851
2710 2415256
2712 2697227
2714 2536747
2716 2741718
2717 2406243
2718 1989530
2719 1561142
2720 2355088
2721 2367577
2722 1479112
2723 2560840
2724 2605663
2726 2017717
2728 1985528
272 3689702
2730 1835600
2731 2497009
2732 2672388
2733 2016408
2734 2318157
2735 1809679
2736 2289773
2737 2815466
2738 2237307
2739 2989686
2741 2564044
2742 1306791
2744 2473217
2746 2370952
2748 2340074
274 1878365
2750 2671977
2752 1650359
2753 1894498
2754 2159275
2756 2646660
2757 2625400
2759 1034002
2760 1878852
2761 1881164
2762 2001721
2764 2122323
2766 1613365
2767 2287573
2768 1929003
2769 1008370
276 2661892
2770 2240162
2772 2007927
2773 2747526
2774 1532267
2776 1224830
2778 1837167
277 3045320
2780 1768787
2782 2046279
2783 1981557
2784 2281803
2785 2250349
2786 1868435
2787 1718013
2788 1575087
2789 2081808
2790 2460696
2791 2401470
2792 2379489
2793 2241135
2794 2277187
2795 2041599
2796 2696714
2797 2211293
2798 2335657
2799 2454584
279 3732966
2800 2792015
2801 2675268
2802 2037611
2803 1919940
2804 2015028
2805 2528284
2806 1427844
2807 2095140
2808 2495136
2809 2618954
2810 2110896
2811 2473301
2812 2359919
2814 2039797
2816 2031602
2817 3496226
2818 2558178
2819 1199669
2820 2379587
2821 2151436
2822 1936587
2824 1738291
2826 1771990
2827 2306830
2828 2759529
2829 2624853
282 2233660
2830 2073126
2831 3706118
2833 3074879
2834 3810544
2835 2679802
2836 1726878
2837 3584489
2838 2102749
2839 2059633
2841 1808008
2842 2370607
2843 2826346
2845 1465513
2847 1529489
2848 1657705
2849 3124708
284 3789812
2850 3326194
2851 1673871
2852 2107024
2853 3355718
2854 2549294
2855 3005540
2856 2350010
2857 2940804
2858 2409533
2859 2156810
2860 2377635
2861 2046079
2862 2740365
2864 2053039
2865 2064605
2866 1625069
2867 2058567
2869 1722658
286 5003540
2871 2463364
2873 2320618
2874 2041554
2875 1783264
2876 1731276
2877 2055891
2878 1799237
2879 1913775
2880 1750876
2881 2344913
2882 1726782
2883 2052192
2884 2112387
2885 2194494
2886 1764633
2887 2135856
2888 2511389
2889 2535016
2890 2349956
2891 2495318
2892 1547307
2893 1395290
2894 1787047
2895 1665260
2896 1609954
2897 1836342
2898 2119939
2899 1949954
2900 1854497
2901 2111575
2902 1735632
2903 1884951
2904 3025979
2905 1881272
2906 2712038
2907 2615514
2908 2030774
2909 2037614
2910 2471901
2911 2273918
2912 2941528
2913 2941827
2914 2795503
2915 3081635
2916 2814185
2917 2171635
2918 1945832
2919 2174241
2920 1963579
2921 1911183
2922 2131395
2923 2148733
2925 2631822
2927 2465575
2929 2794921
292 2546312
2931 2700049
2933 2286303
2935 2294968
2936 2672842
2937 2173466
2938 2646709
2939 2790388
2940 2131833
2941 2436088
2942 3049750
2943 1798176
2944 2786078
2945 2193767
2946 2379768
2947 2358769
2948 2683696
2949 2266641
2950 2030729
2951 1240017
2952 2052895
2953 2762977
2954 2415548
2955 1883440
2956 2270238
2957 2205840
2958 2198914
2959 1819703
295 1368396
2960 1542153
2961 2142222
2962 1810095
2963 1869310
2964 1993212
2965 1799301
2966 1762327
2967 2161937
2968 2091034
2969 1745054
296 6146539
2971 1133467
2972 2729121
2973 2419268
2974 2586855
2975 2687840
2976 1850925
2977 2272062
2978 1981843
2979 1720775
2980 2390173
2982 1489289
2984 2621795
2986 2755824
2988 2772751
2990 2833793
2992 2257677
2994 1983648
2995 2046986
2996 2126050
2997 2283296
2998 2307981
2999 1729829
29 5102652
3000 1518582
3001 2556104
3002 2281457
3003 2578698
3004 2067971
3005 2008199
3006 2112314
3007 2505339
3008 1729311
3009 2022533
300 2843796
3010 2231364
3011 1856951
3012 1707423
3013 1621357
3014 1923088
3015 1734172
3016 1589868
3017 2264247
3018 1809480
3020 2716766
3021 2328137
3022 2165365
3023 2803193
3024 2548917
3025 2418429
3026 2563577
3027 2196649
3028 2698483
3029 2646561
3030 2401940
3031 1488192
3032 2106281
3033 1859156
3035 1935247
3036 1364323
3037 2273680
3038 1976528
3039 1556723
303 3841955
3041 2395340
3043 1111568
3044 1767761
3045 2340068
3046 1528355
3047 2412482
3048 1040318
3049 2881618
3050 2249105
3051 1281983
3052 1336434
3053 2757942
3055 2182975
3056 1825873
3057 1171637
3059 1992821
3061 2305266
3063 3018774
3065 2001334
3067 2286370
3068 2191757
3070 2376838
3073 1430802
3076 1500847
3079 1679784
307 5313859
3081 2085116
3083 2491093
3084 2422037
3085 2369759
3086 1978468
3087 2502425
3088 1806619
3089 1867000
308 5038141
3090 1626943
3092 2369548
3094 1589625
3096 1391946
3098 1825952
3100 1511900
3101 2268104
3102 1785578
3104 1773221
3106 1853543
3108 2115875
3110 2122522
3112 1925108
3113 1338316
3114 1589582
3115 1618562
3117 1422591
3119 1461047
311 1733245
3121 1914248
3123 1421600
3125 1064846
3127 1525175
3129 2175802
3131 2032778
3133 2935049
3135 1630533
3137 2956735
3139 2551706
3141 2178034
3143 1300970
3145 2178918
3146 1880403
3148 1949652
314 7366924
3150 2438668
3152 2252934
3154 1767468
3156 1795422
3158 2116279
315 1767918
3160 2505438
3162 2168286
3163 1993474
3165 2038964
3167 1879859
3168 1834398
3169 2126520
3170 2148581
3171 1783127
3172 1926204
3174 2299181
3176 1218789
3178 3007809
3179 1867419
317 3449685
3181 1658319
3182 2327429
3184 1737072
3186 1390532
3188 2137677
318 3030206
3190 2196864
3192 2373167
3194 2809926
3196 2815847
3198 2685220
3201 2443498
3204 1846233
3206 1743116
3208 1823169
320 3011876
3210 1547538
3211 2012648
3213 1947536
3215 1750418
3217 1938052
3220 1532058
3223 1656600
3224 2777574
3225 2488924
3227 2571825
3229 2708995
3231 4047630
3233 2366989
3235 2742547
3237 3076411
3239 3247365
323 1269692
3241 2102916
3243 2377162
3245 2947168
3247 3316884
3249 2588785
3251 2615728
3252 2418810
3254 2358901
3256 2769713
3258 2054987
325 1984209
3260 2856300
3262 2715075
3264 2556781
3266 2530364
3268 2224944
326 1594554
3270 2784400
3272 2206700
3274 2122196
3276 1678066
3278 2482002
3280 3362623
3282 3620670
3284 2610589
3285 2504977
3287 2933732
3289 2665198
328 3841359
3292 2844425
3293 3139636
3296 2901170
3297 1964997
3298 2175827
329 3026158
3300 2064493
3302 2160920
3304 2350438
3306 1503066
3308 1328498
330 1053253
3310 1960266
3311 1842774
3312 1887614
3313 1828806
3314 2267050
3315 1880479
3316 2328311
3317 2143386
3318 1445261
3320 1999050
3322 1679770
3324 2332331
3326 1865341
3328 2198679
3329 1808621
332 3329407
3331 1975049
3332 1952721
3333 1915939
3334 1905126
3335 1597492
3337 2096603
3339 1057228
3340 1575023
3341 1519398
3343 1933126
3345 2099335
3347 1884460
3349 2315891
3351 2406608
3354 1804998
3356 1155735
3358 1889419
335 4363019
3360 939337
3362 1302571
3364 1247950
3366 667445
3368 449443
3370 1088338
3372 867209
3374 883017
3376 1043255
3378 1011217
3379 928588
337 3522704
3380 905840
3381 1163907
3382 778564
3383 1099913
3384 1210246
3385 1085029
3387 902654
3389 951325
338 6975334
3391 870958
3393 788854
3394 1003444
3396 903676
3397 1147622
3398 612457
3400 748112
3402 980671
3404 891830
3407 879465
340 2304821
3410 1121511
3413 1068250
3416 945128
3419 1018207
341 1500206
3422 852223
3425 1113575
3428 941305
3429 1946382
342 3438278
3430 1972106
3431 1879491
3432 1825936
3433 1710756
3434 2090947
3436 1789472
3438 1412802
343 1433043
3440 1699850
3442 1540237
3444 2025539
3446 1644369
3448 1325935
3450 1612023
3452 1842922
3454 2043068
3455 1521598
3456 1920550
3457 1220778
3458 1706385
3459 1967499
345 3377915
3460 1843328
3461 2112592
3462 2180868
3463 2140620
3464 1965862
3465 2176712
3466 1208519
3467 1951388
3469 1331293
346 2642081
3471 1810421
3473 2647539
3474 1651123
3475 1236272
3476 1885348
3478 1070832
3480 1230663
3482 1484614
3484 1267897
3486 1136142
3488 1970017
348 2759335
3490 1381595
3492 1971557
3493 1972857
3494 1980556
3495 2550499
3496 3084338
3497 1822971
3498 2291640
3500 1597931
3502 1254341
3504 1598315
3506 2396863
3508 1418375
350 2725870
3510 1440109
3511 1523904
3512 1478990
3514 1562790
3516 1898943
3518 2535942
3520 1893651
3522 1175163
3524 2233390
3526 1776245
3528 1581010
3530 2188584
3532 1402329
3534 1832213
3536 1428680
3538 1263407
353 3390789
3541 1992234
3544 2635273
3545 653054
3546 1103913
3547 2118081
3548 1545826
3550 1654850
3551 1496553
3552 1259289
3554 1279470
3556 1794009
3558 1713288
3559 1468458
355 5921605
3560 1745620
3561 1577285
3562 1636358
3563 1530447
3564 1554603
3565 1595400
3566 1596275
3567 1093650
3569 1521906
3571 1032121
3573 1728965
3575 1544132
3577 1493613
3579 1567246
3581 1270737
3582 1027898
3583 1070230
3584 1250048
3587 1634201
3590 1306285
3592 1324974
3595 1742225
3599 1786856
359 4128611
35 1919079
3603 1865592
3607 1370881
3609 1919412
3612 1499839
3616 1994916
3618 2567696
3620 2558639
3622 2809464
3624 2685015
3626 1947591
3627 1590144
3628 1671693
3629 1764654
3630 1608604
3631 1360030
3632 1569576
3633 1438095
3634 1736770
3635 1370112
3636 1357656
3637 934493
3638 1504455
3639 1395523
363 604572
3640 1394461
3641 1306779
3642 1473545
3643 1712909
3644 1481528
3645 1459374
3646 1698944
3647 1593882
3648 1504589
3649 1780999
364 2311342
3650 1455604
3651 1578561
3652 1526338
3653 1400423
3654 1375923
3655 1467424
3656 1513268
3658 1702469
3659 1658908
3660 1847143
3661 1514845
3662 1595406
3663 1590102
3664 1311921
3665 1439005
3666 1277264
3667 1162770
3668 1692015
3669 1549413
366 2487416
3670 1223898
3671 1429531
3673 1021727
3674 1809545
3675 1715002
3676 1832180
3677 1424047
3679 1455178
367 3544186
3681 1467573
3683 1235752
3684 1610653
3685 1710353
3686 1509316
3687 1468207
3688 1514307
3690 1254931
3692 1320271
3693 1409933
3695 1579058
3697 1468039
3699 1369587
369 1274831
3701 1135888
3703 1232164
3704 1320335
3705 1223776
3707 1318149
3709 1201749
3711 1317904
3713 1184465
3715 1541608
3717 874887
3719 1492343
371 3237417
3721 1277283
3723 1822100
3724 1933457
3725 1728758
3726 2158154
3728 1782257
372 4793768
3730 1605952
3732 1736572
3734 1508921
3737 868013
373 4750671
3740 976696
3743 1535020
3745 1451024
3747 1717685
3749 1526818
374 2308820
3750 1356199
3751 1556997
3752 1323205
3754 1442874
3756 1137101
3757 3194566
3758 2408138
3759 2838774
3760 2542393
3762 2755304
3764 2353220
3765 3758087
3767 3478423
3769 1916694
3770 2720357
3771 6842156
3772 7234838
3773 3890464
3774 3901051
3775 3938122
3776 2806677
3777 2782709
3778 4597814
377 3793219
3780 2865067
3781 3138747
3782 3194803
3783 2865631
3784 3027354
3785 3172346
3786 2860639
3787 2910146
3788 3177635
3789 3321781
378 3093382
3790 2761020
3792 2803182
3793 2818145
3794 2937871
3796 2831393
3798 1683805
379 1906485
3800 1893899
3802 2412445
3804 2599910
3806 2757417
3807 2969366
3808 2627762
3809 2422277
380 3112119
3810 2652425
3811 2535418
3812 3291648
3813 2786257
3815 2991584
3816 3205451
3817 1574808
3818 2073085
3819 2971162
381 3435079
3820 1163389
3821 4145911
3822 2762523
3823 2319952
3825 2655157
3827 2453643
3828 2039620
382 2560086
3830 5306470
3832 3341610
3833 2650866
3834 2749423
3835 1512681
3837 2488147
3838 2240992
3839 3121730
3840 3676052
3841 3002846
3842 2817086
3843 2543992
3844 2679417
3845 2676484
3846 3060889
3847 2907985
3848 4084328
3849 1823681
384 1274722
3850 2061260
3851 4193207
3852 3628655
3853 4347292
3854 2725893
3855 3168635
3856 2665084
3857 2177729
3858 2686211
3859 2005822
3861 3323798
3862 2534213
3863 3377041
3864 2582611
3865 3492433
3866 3184799
3867 2138636
3868 2715873
3869 3243391
386 1935424
3870 3172791
3871 3762639
3872 3457696
3874 1601347
3876 4093808
3878 4033193
3879 1891122
3880 2863124
3881 2952530
3883 2296696
3885 2344590
3886 2187686
3888 2586109
3890 2870501
3892 2830222
3894 4141858
3895 3774627
3896 2164229
3897 3295822
3898 2541038
3899 2760146
3900 2903340
3901 4218051
3902 2714632
3903 7249439
3904 7637037
3905 4940098
3906 1782446
3908 3003083
3909 2665919
390 2617416
3910 3989920
3911 2828077
3913 3566953
3914 2647452
3916 3466199
3918 3377258
3919 2617965
391 1957289
3920 2236549
3921 3004054
3922 2095190
3923 1960881
3924 3542236
3925 2662706
3926 2245318
3927 2584596
3928 2469643
3929 2841260
3930 2021811
3931 2925670
3932 2411528
3933 3567810
3934 2628797
3935 2652700
3936 2695341
3937 2405889
3938 3533714
3940 3102690
3942 4765419
3943 1975488
3944 2915744
3945 2425923
3946 2601066
3947 2681460
3948 2912801
3949 2070764
394 1509734
3950 2730908
3951 1849841
3952 1591292
3953 2260829
3954 1233090
3955 2911374
3957 2690153
3958 5524596
3960 2604862
3961 2741496
3962 2232283
3963 2730672
3964 2703450
3965 5056923
3966 2537982
3967 2306754
3968 3039243
3969 2913085
396 3560738
3970 2863940
3971 3147233
3972 3094552
3973 3663255
3974 2403282
3975 2305272
3976 2413963
3978 2405891
3979 2435549
3980 3616712
3981 2211452
3982 3481555
3983 2177164
3985 3278188
3986 2727117
3987 2591996
3988 2639001
3989 2208468
398 2499032
3990 2599046
3991 2535946
3992 2508861
3993 6637753
3994 2363031
3996 2417693
3997 2807569
3998 1442709
4000 2510246
4002 1259772
4004 2253787
4005 2936252
4006 3113115
4007 2012106
4008 4856301
4010 1524353
4011 2725945
4012 2352186
4013 2300661
4014 2652289
4015 2735315
4017 1467080
4018 1510574
4019 2005892
4020 1798350
4021 3268447
4022 2861336
4023 2556758
4024 1474174
4025 2465387
4026 2269831
4028 2786990
402 5860430
4030 2294646
4031 6260411
4032 4646421
4033 4339245
4034 2323759
4035 2903653
4036 4360356
4037 2816599
4038 1764676
403 8134365
4040 2607866
4042 1899117
4044 3596389
4046 2761406
4047 3427151
4048 3217602
4049 1976603
4050 3575329
4051 2487034
4052 3035568
4053 2970880
4054 6045490
4055 3298790
4056 5511723
4057 2883736
4058 3031447
4059 3366873
405 4514939
4060 3284441
4061 2342122
4062 4467273
4063 3645958
4064 3555335
4065 4682631
4066 4720348
4067 5484129
4068 3305855
4069 3723499
406 3449564
4071 2462371
4072 5446084
4073 2623587
4075 2064379
4077 5162566
4079 3130601
4080 2188754
4081 2303957
4082 2313285
4083 1897740
4084 2287878
4086 1135240
4088 2790277
4089 1357580
408 1820133
4091 2338298
4092 2187204
4093 2221068
4094 2317686
4097 5745180
409 1912636
40 2229238
4100 2866181
4102 4175004
4103 3436851
4104 2630993
4105 2256861
4106 1552787
4107 1303918
4109 1723532
4112 2039822
4115 2345577
4118 2001820
411 3084735
4121 2160259
4124 2126341
4125 2192997
4127 2161039
4129 1698990
412 2895183
4131 2025534
4133 2107204
4135 2128086
4137 1958521
4139 2352873
413 2482422
4141 2604006
4143 1017072
4145 2266069
4147 1865333
4149 2668614
4150 2138464
4151 2124642
4153 3073889
4155 2035203
4157 1374022
4159 2475226
415 2922672
4162 2614111
4165 1068646
4168 2149207
4171 2144710
4174 2575981
4176 3385444
4178 2605118
417 2496039
4181 2483861
4184 2160156
4187 2272810
4190 2073923
4193 2174785
4196 1710627
4199 2095283
419 4026190
4202 3225682
4205 2404419
4208 2239270
4211 2217690
4214 1753072
4215 1418286
4216 1988610
4218 1539637
421 5138968
4220 2490616
4222 2203618
4224 2961055
4226 2450374
4228 1643448
4230 1363784
4232 2287505
4235 911428
4238 2208881
423 1418030
4241 2480742
4244 1864024
4248 1713632
4252 3303038
4256 3080250
4258 2448724
4259 4665652
425 2498756
4260 2352119
4261 2456185
4262 1573296
4263 1595772
4264 2356070
4265 2648761
4266 2005998
4267 1966926
4268 1920949
4269 2137652
4270 2321013
4271 2183705
4272 2171467
4273 1286834
4275 1182024
4277 4467427
4279 1870626
427 2213433
4281 1764233
4283 1373170
4284 1340166
4285 2137592
4286 2474898
4287 1970808
4288 2421811
4289 2152735
4290 1992745
4291 1749361
4293 2114254
4295 4489646
4297 2407292
4299 1602330
4301 2286273
4302 3221717
4303 3022567
4304 3838863
4305 2591540
4306 3037076
4307 1728437
4308 2123910
4309 2161926
430 1701429
4311 1302624
4312 1630680
4313 1162260
4314 1804087
4315 1541164
4316 1827958
4317 1764860
4318 999989
4319 1472545
431 2428908
4320 1676978
4321 1405530
4322 1351019
4324 1265144
4325 1336631
4326 1162892
4327 1914287
4328 1235025
4329 1644489
432 4263961
4330 1473989
4331 1258631
4333 1433538
4334 1967735
4335 1653935
4336 853228
4337 1453181
4338 1523934
4339 2221047
433 2802641
4342 2521949
4343 3522150
4344 3911084
4345 3709509
4346 2518779
4347 3104477
4348 2927434
4349 3516057
4350 2735655
4351 3926186
4352 3679184
4353 3467094
4354 2142420
4355 3186188
4356 2295711
4358 1989769
4363 1114867
4364 5721146
4365 6425839
4371 2214959
4373 2467170
4374 2162021
4375 2580820
4377 2141670
4379 2184431
4381 2285322
4382 1986108
4383 2368186
4384 1000305
4387 2685359
438 1508444
4391 3559920
4395 3664514
4396 1973557
4397 1456219
4398 1979234
4399 1621882
439 2159822
4400 1546935
4401 2553728
4402 2152939
4403 2258701
4404 2094336
4405 2190020
4406 2029434
4407 1781860
4408 1937832
4409 1816593
4410 1828677
4411 1785527
4412 1799317
4414 1573595
4416 1798867
4418 1752526
4420 856870
4421 1967662
4422 1855749
4423 1237200
4424 2084328
4425 1248586
4426 1951519
4427 2006151
4428 1692149
4429 1605682
4430 1874743
4431 2093768
4432 1639033
4433 1921791
4434 1658618
4435 1855514
4436 1348189
4437 1913729
4438 1677303
4439 1742690
443 3096868
4440 1615634
4441 1395916
4442 2145785
4443 2478402
4444 1815915
4445 1755005
4446 1901086
4447 1044038
4448 2242985
4449 1970930
4450 2102374
4451 2144821
4452 1944008
4453 1418700
4454 2598484
4455 2876808
4456 2334569
4457 2095894
445 3125088
4460 1866208
4461 2547672
4462 2325548
4463 2345274
4464 2475189
4465 1426585
4466 2243264
4467 2225809
4468 1679141
4469 1335301
446 1903534
4470 1488827
4471 1548184
4472 1462546
4473 1534718
4474 1717383
4475 1612933
4476 1441273
4477 883065
4479 1021183
4481 2856126
4482 3091297
4483 2481411
4484 2408444
4486 3007191
4488 2414891
448 4872883
4490 1823630
4492 2228600
4494 1916899
4499 1412421
4501 1672174
4505 1406978
4506 1673820
4507 1781350
4508 1850168
4509 1795280
450 2134779
4510 1753680
4511 1652745
4512 1511164
4513 1627980
4514 1985520
4515 1064248
4516 1392963
4517 1613077
4518 1854245
4519 2017290
451 4142275
4520 2012836
4521 1377267
4522 1039311
4523 2166519
4524 1839775
4525 1830013
4526 1333590
4527 2039736
4528 1301509
4529 2296823
4530 2316838
4531 2159846
4532 1475799
4533 1757018
4534 2286716
4535 2470970
4536 1052362
4537 1478056
453 1680436
4540 2947302
4544 3094362
4546 2830712
4547 2828368
4549 3519256
4551 3783055
4552 1190953
4553 2000366
4554 1248288
4556 542109
4559 735168
4561 1684203
4562 1066613
4564 1262402
4565 1824593
4566 1776566
4567 1822500
4568 1599809
4570 1556359
4571 1617589
4572 1487294
4573 1290735
4574 1948428
4575 1928588
4576 1765228
4577 1652569
4579 1722017
457 3522309
4581 1621506
4582 1713396
4583 1588654
4584 1366807
4585 1640193
4587 1185973
4589 1332557
4590 1520294
4591 1543798
4593 1601144
4595 1988840
4596 1815806
4597 1081288
4598 2056602
4599 2168112
459 3206689
4600 1671307
4601 2345060
4602 1413555
4603 2321148
4604 2010510
4605 2274946
4606 2573374
4607 2478513
4608 2101954
4610 1622044
4611 1971751
4612 2253473
4613 2304658
4614 4827540
4615 3113530
4616 2626298
4617 4368209
4619 1923305
4621 1027619
4623 1753240
4624 2354150
4625 2136964
4626 1632403
4627 2205758
4628 2060420
4629 2765607
462 2387553
4630 2790604
4631 2159993
4632 2897757
4633 1980396
4635 1642910
4636 1351663
4637 1039027
4638 1511314
4639 1540464
4640 1410926
4641 1672135
4642 545879
4643 1407635
4644 713786
4646 1202106
4648 1285890
4650 1329771
4651 1406235
4652 1382274
4653 1330564
4654 1383062
4656 1541132
4657 1211990
4658 1303405
4659 549473
465 4066265
4660 1128310
4661 1410450
4662 1641642
4663 1031211
4664 982109
4665 1605651
4666 764795
4667 785527
4668 1227979
4669 1172535
4670 1207824
4671 1055544
4672 1062927
4673 1268160
4674 1250938
4675 1113187
4676 1189910
4677 974406
4678 1287314
4679 1353414
4680 1331726
4681 1101000
4683 1456179
4685 740223
4686 1153275
4687 1058803
4689 1307310
4690 947290
4691 1177326
4693 1423817
4695 1344631
4696 1008980
4698 1140041
469 1468191
46 1325619
4700 1446947
4702 1132371
4703 1346084
4704 1046494
4706 1066903
4708 1034312
4710 1261988
4711 1289678
4712 1233479
4713 1047762
4715 1240794
4716 1083370
4717 1220790
4719 1270934
471 2247196
4720 852144
4722 1045475
4724 1212195
4726 554060
4728 1339361
4730 719902
4732 1297418
4734 1423737
4736 1153601
4737 1187428
4739 1207995
473 2444221
4740 1292544
4741 1140810
4742 1406666
4743 930329
4744 1156266
4745 1057207
4746 1544654
4747 1177391
4748 1436828
4750 1285612
4752 961700
4753 937993
4754 1405729
4755 1225239
4757 1580436
4759 1112937
475 1930430
4760 1071036
4761 1167254
4762 1113514
4763 1424715
4765 1209627
4766 1166774
4767 1373136
4768 1275836
4769 1342627
4770 1396726
4771 1225701
4773 1160120
4774 953676
4775 940779
4777 993933
4779 941238
477 1338544
4780 1784447
4782 1945837
4783 1902494
4785 1806938
4787 1606694
4789 1147030
4790 1876172
4791 1759821
4793 1595171
4795 1690546
4797 1739916
4799 1914532
479 4918299
4801 1568287
4803 1621286
4804 3729499
4805 2294801
4806 2190589
4807 1995240
4808 2290320
4809 1647343
4810 2326188
4812 2595353
4813 2138816
4814 1411115
4815 1514512
4816 1844851
4817 2339352
4818 1818006
4819 953572
481 3737722
4820 1916473
4821 1849707
4822 1948134
4823 1923549
4824 1867050
4825 1940210
4826 2116484
4827 1980530
4828 1985493
4829 1769950
4830 1884510
4832 2057960
4833 2081057
4834 2224684
4835 1931770
4836 1974668
4838 1958836
4839 2142125
4840 1929453
4841 1989703
4842 1973429
4843 1933008
4844 1985063
4845 1909808
4846 1806864
4847 1922508
4849 1878889
484 4111990
4851 1939857
4852 2261140
4853 1805438
4854 1361363
4855 1703393
4856 1761697
4857 1550881
4859 1336458
4860 1618032
4861 2277749
4862 1984931
4863 1817818
4864 2009120
4867 1810289
4870 1852047
4873 1929683
4876 1791873
4879 1864391
487 1614807
4880 2110817
4881 2539854
4882 2252984
4883 1836417
4884 2256923
4885 1367201
4886 2162110
4887 2307278
4888 2144765
4889 2144916
4890 1886588
4891 2113963
4892 1973013
4893 2350339
4894 2368539
4895 1835106
4896 1473621
4897 1970833
4898 1244397
489 1902954
4900 2320952
4902 2071852
4903 2133089
4905 1753974
4907 1644124
4908 1891758
4910 2215894
4911 1362274
4912 2155682
4913 2107986
4914 667393
4915 1185697
4916 1207795
4917 1280195
4918 2336963
4919 2150642
491 4096474
4920 2145101
4922 1738383
4924 2249918
4925 2063834
4927 1507943
4929 1611059
492 3815973
4930 1606629
4931 1760601
4932 1503585
4933 1749982
4934 1667954
4935 2212641
4936 1902228
4937 1638367
4938 1963721
4939 1874529
493 3288738
4940 1530282
4941 1936924
4942 1967624
4943 2053081
4944 1986846
4945 1907614
4946 2145615
4947 2044833
4948 1513883
4949 1940244
4950 1946794
4951 2366902
4952 2165228
4953 2057804
4954 1236745
4955 924264
4956 1944630
4957 1802658
4958 1906572
4959 2089424
495 2929430
4960 1662291
4961 2024069
4962 1808130
4963 1156986
4964 1492100
4965 2039168
4966 1362182
4967 2019280
4968 1845183
4969 1869354
496 5247162
4970 1234261
4971 1547360
4972 1865070
4973 2076395
4974 1884191
4975 1954513
4976 1928914
4977 1895587
4978 1986576
4979 1906327
4980 2078819
4981 1938850
4982 2269825
4983 2142159
4984 1901577
4985 2283138
4986 1700612
4987 2078855
4988 2053962
4989 2066689
4990 2038583
4991 2070414
4992 1433754
4993 2163289
4994 1978459
4995 2033975
4996 2589662
4997 1986334
4998 1930338
4999 2190593
5000 2102969
5001 2202433
5002 1099388
5003 1943205
5004 2225766
5005 1700291
5006 2104086
5007 1876675
5008 2069327
5009 2207911
500 4952787
5010 2204461
5011 1602673
5012 2009504
5013 2000158
5014 1578137
5015 2188417
5016 1925820
5017 2054939
5018 1681373
5019 2010685
501 2631404
5020 2134494
5021 1151984
5022 2163327
5023 1936742
5024 1802744
5025 2056369
5026 1868237
5027 2228385
5028 2104754
5029 1297693
5030 1801546
5031 1765164
5032 1702678
5033 2013894
5034 1982339
5035 2012617
5036 1969889
5037 2142570
5038 1614838
5039 1288484
503 1874565
5040 1823748
5041 1876970
5042 2245388
5043 1813301
5044 2071053
5045 2100050
5046 2021430
5047 1182481
5048 2127955
5049 2129355
5050 2052693
5051 1949426
5052 1794260
5053 2105502
5054 2258691
5055 1964511
5056 2033046
5057 2083568
5058 1500361
5059 1316907
5060 2029971
5061 1768289
5062 1992884
5063 1947873
5064 2292613
5065 2000233
5066 2128452
5067 2008132
5068 1495030
5069 1434744
5070 1549257
5071 2038987
5072 2034771
5073 2093657
5074 2165539
5075 1452923
5076 2093666
5077 2142149
5078 2087019
5079 2055608
507 6802552
5080 2229028
5081 2181963
5082 1971180
5083 2142946
5084 1880337
5085 1455346
5086 2044239
5087 1997132
5088 2084358
5089 2038947
5090 2104478
5091 1988853
5092 1919497
5093 2059867
5094 2110135
5095 2038625
5096 2220706
5097 2147475
5098 2452306
5099 1606882
509 2306546
50 2732957
5100 1803823
5101 2078377
5102 2075639
5103 2233075
5104 2045378
5105 1896416
5106 1628596
5107 2152547
5108 1615471
5109 2095913
5110 1909099
5111 2042092
5112 1920140
5113 2008323
5114 1339630
5115 2083618
5116 1829217
5117 1679937
5118 1896149
5119 2179007
511 4322432
5120 1971216
5121 1985385
5122 2130759
5123 2152914
5124 2225126
5125 2168377
5126 2110577
5127 2256268
5128 1383819
5129 1675843
512 2994513
5130 2026346
5131 2298820
5132 2143924
5133 2249267
5134 1642690
5135 1980733
5136 1531184
5137 1938481
5138 1960459
5139 947873
513 3663932
5140 2049048
5141 2038615
5142 2022100
5143 1600032
5144 1586321
5145 2157144
5146 2043229
5147 1779658
5148 1755959
5149 2115809
514 3486414
5150 2015191
5151 1949755
5152 1807375
5153 2046457
5154 1118229
5155 2040467
5156 2100901
5157 2010564
5158 2174312
5159 2166498
5160 2092787
5161 1650668
5162 2180143
5163 2165804
5164 1968174
5165 2142958
5166 2278136
5167 1972873
5168 1892407
5169 1990943
5170 1900051
5171 2092578
5172 2102511
5173 2160344
5174 1898526
5175 2129463
5176 1965317
5177 2108709
5178 2022975
5179 2063650
5180 2198182
5181 2128653
5182 1607182
5183 2045588
5184 2119058
5185 1997251
5186 2274775
5187 1967661
5188 1922254
5189 1628537
518 2160973
5190 1379769
5191 1930887
5192 2212762
5193 2216826
5194 2178650
5195 2323210
5196 2043225
5197 1909854
5198 2060735
5199 2062133
5200 2106192
5201 2214898
5202 2123564
5203 2103980
5204 2194949
5205 2087458
5206 2024638
5207 2067518
5208 2033506
5209 1737101
520 3861289
5210 2053088
5211 2282570
5212 2116416
5213 1388393
5214 1641175
5215 2235727
5216 1555345
5217 1514881
5218 1462483
5219 1951311
521 2811075
5220 2080543
5221 1954159
5222 1972498
5223 2128522
5224 1815634
5225 1673636
5226 2129771
5227 2025294
5228 1937041
5229 2151266
5230 1962742
5231 2064336
5232 2162763
5233 2309823
5234 2093052
5235 1921914
5236 2151848
5237 2093637
5238 2075844
5239 2107526
523 2724245
5240 1003241
5241 1946994
5242 2048308
5243 2138240
5244 1991867
5245 1616783
5246 1843164
5247 2150145
5248 1969656
5249 2136381
524 6950059
5250 1552334
5251 2010655
5252 1666180
5253 2047998
5254 2267424
5255 2096757
5256 2148033
5257 2190850
5258 2071420
5259 2118072
5260 1331647
5261 2073342
5262 2039329
5263 2220171
5264 1085112
5265 2273044
5266 2317847
5267 2114977
5268 2098613
5269 2075687
5270 1395423
5271 2128385
5272 2084829
5273 2012794
5274 2120627
5275 1847515
5276 2107327
5277 1807125
5278 2126076
5279 1966664
5280 2008094
5281 2149360
5282 2014298
5283 1931344
5284 1286607
5285 1846530
5286 2037187
5287 1856300
5288 1999187
5289 2070322
528 1540789
5290 1864754
5291 1687971
5292 1773421
5293 1986738
5294 2085046
5295 2261682
5296 2308647
5297 2452967
5298 2082654
5299 2048503
5300 2100982
5301 2118625
5302 1507790
5303 2138100
5304 1843617
5305 1799935
5306 2305804
5307 982773
5308 2156880
5309 2286053
5310 2075905
5311 1830842
5312 1926314
5313 2150081
5314 1948094
5315 2170707
5316 2090657
5317 1994069
5318 1429834
5319 2079686
531 2251507
5320 1762513
5321 2151766
5322 2069397
5323 1922704
5324 2143370
5325 1954271
5326 2175265
5327 1902578
5328 2062654
5329 1838937
5330 2091469
5331 2120765
5332 1940597
5333 2005890
5334 2117444
5335 1755421
5336 2143042
5337 2108482
5338 2080378
5339 2017244
533 2177950
5340 2163274
5341 2217348
5342 2133642
5343 2042084
5344 1990751
5345 2086362
5346 2326547
5347 2117693
5348 2198622
5349 2084286
5350 2163992
5351 2283788
5352 1888666
5353 1854884
5354 1957495
5355 1873531
5356 2057720
5357 1935934
5358 2013227
5359 2178243
535 4588940
5360 1956667
5361 2059693
5362 2174245
5363 1974922
5364 2047643
5365 1478705
5366 1796272
5367 1419019
5368 1993696
5369 2158735
5370 1875914
5371 1129675
5372 2259318
5373 2105610
5374 2082758
5375 2197029
5376 2132138
5377 1546971
5378 1980681
5379 2022028
537 1951667
5380 1353298
5381 2113240
5382 1840450
5383 1087449
5384 2013255
5385 1749483
5386 802735
5387 1884878
5388 1908924
5389 2122715
5390 1770237
5391 1920527
5392 2183547
5393 1803518
5394 1902556
5395 1716642
5396 2149807
5397 2197901
5398 2161202
5399 1615884
539 1778132
5400 2106771
5401 2047179
5402 1760789
5403 2151211
5404 1209022
5405 1201956
5406 1648873
5407 1331709
5408 2127341
5409 1121247
540 2346332
5410 2140862
5411 1602935
5412 1745964
5413 1846287
5414 2098592
5415 2411406
5416 2622247
5417 802447
5418 1453537
5419 2044723
541 1856420
5420 2046650
5423 3411763
5426 3275009
5429 2950040
5430 2437559
5431 2862832
5433 2269129
5434 3864912
5436 2259280
5438 2097168
543 1867940
5440 1743923
5441 2306701
5442 2151853
5443 1536711
5444 2205762
5445 2430566
5447 2022414
5449 2177939
544 2386728
5450 1260761
5452 1390065
5454 1763859
5455 2564184
5457 2339424
5459 2149963
545 1758548
5461 1685404
5463 1613361
5465 1872414
5467 1854194
5469 1799344
5470 1624633
5471 1748317
5472 1949044
5473 1199200
5474 1871556
5475 1845572
5476 1765820
5477 1703578
5478 1953493
5479 1837495
547 3245471
5480 1862227
5481 1294904
5482 1293229
5483 1382721
5484 928849
5485 1785315
5486 1717164
5487 1613120
5488 1238377
5489 1594466
5490 1321670
5491 1959348
5493 1513202
5495 1449381
5496 2011770
5497 2030892
5498 1719185
5499 1480217
549 2723659
54 4877109
5500 2501895
5501 2149037
5502 1604094
5503 1530597
5504 1946641
5505 1900331
5506 1876498
550 1796916
5512 2312271
5513 2269647
5514 1762651
5515 1627385
551 5489753
5521 605606
5522 729391
5523 624962
5524 674133
5525 664737
5526 635891
5527 559257
5529 818834
552 4567291
5531 651430
5533 606682
5535 685078
5536 1633400
5537 1935074
5539 2259251
553 2017471
5540 2339213
5541 2759672
5542 3134704
5543 3044716
5544 1841163
5545 2510096
5546 2434720
5549 1987494
554 3538621
5551 1747323
5552 2469413
5553 2427590
5554 2454454
5555 1804941
5556 2223892
5557 2365803
5558 2897966
5559 1940095
555 2927652
5560 2141960
5562 1155652
5564 2015892
5566 2116765
5568 2438738
556 2771387
5571 1047512
5576 1101788
5577 2206539
5579 3685575
5580 3810265
5582 1663259
5583 2429287
5586 2426387
5589 1357146
558 2013479
5590 3759035
5591 2545601
5592 2845403
5593 4071424
5594 4294613
5595 2933905
5597 2613041
5599 3501016
5601 1994978
5603 2445290
5605 1872155
5607 3064175
5608 3531580
5609 3040804
560 2331695
5610 3604218
5611 3384359
5612 3294047
5613 4492877
5615 4523435
5617 4658877
561 4330716
5621 3662993
5623 2231726
5624 2261924
5625 3076540
5626 2201404
5627 2560433
5628 2580548
5629 3193382
5630 2547130
5631 2347794
5632 2346376
5634 1853403
5636 2203968
5637 2015211
5639 2372143
563 3786163
5640 2033596
5641 2760601
5642 3153631
5643 2838817
5644 3195691
5645 3257941
5646 2466924
5647 2890083
5648 2923471
5649 3541309
5650 3556677
5651 3427886
5652 3221264
5653 2095533
5654 2739364
5655 3004760
5656 2921999
5657 3020119
5658 2968338
5659 2720584
565 3811476
5660 2818339
5661 3553249
5662 2614621
5663 2592239
5664 2797127
5665 3151200
5666 2921145
5667 2583592
5668 2310521
5669 1925182
5670 3142227
5671 3061545
5672 2443712
5673 3004037
5674 1549804
5675 2531231
5676 2059820
5677 1812910
5678 1551350
5679 2502849
567 3163173
5680 2596429
5681 3265104
5682 2860396
5683 2721654
5684 2497614
5685 3066074
5686 2098573
5687 2918004
5688 2803818
5689 2224261
5690 2469543
5691 3097082
5692 3157276
5693 3471678
5694 2050564
5695 3510035
5696 1857523
5697 2052370
5698 2701309
5699 2820424
5700 2652504
5701 2680968
5702 2730358
5703 2503993
5704 2573579
5705 2523391
5706 2416856
5707 2843857
5708 1915631
5709 1503128
570 5176087
5710 2595876
5711 2109164
5712 1755704
5713 2571737
5714 2516799
5715 1673150
5716 1994731
5718 2197502
5719 1599597
5720 2214446
5722 2444047
5724 2289596
5725 2040480
5726 2245359
5728 2636252
5729 2267758
572 2347571
5730 2121809
5731 1389684
5732 3040279
5733 2733305
5734 3371833
5735 3751971
5736 3410285
5738 2426258
573 2221226
5740 2572020
5742 2461139
5744 3218671
5746 1756049
5748 1908641
5749 6374953
574 1843166
5750 8296673
5751 6569749
5752 5653807
5753 4657579
5754 3605841
5755 4876803
5756 4322077
5757 3351981
5758 3289740
5759 2264331
5760 4554549
5761 2701793
5762 4137871
5763 5602088
5764 6261722
5765 3747359
5766 4177575
5768 4475735
576 4114905
5770 3509168
5771 3441241
5772 3068459
5773 3237958
5774 2891879
5775 3344512
5776 2359165
5777 3080501
5778 3429958
5779 3320861
5780 3066315
5781 2819390
5782 3120707
5783 3450206
5784 4213385
5785 2560607
5786 5390440
5788 2732014
5789 3647221
5790 3495834
5791 3174810
5792 2708478
5793 2319791
5794 2603762
5795 2815297
5796 2424881
5797 2569787
5798 2832137
5799 2531903
579 1210691
5800 2345796
5801 2929441
5802 2372251
5803 2551568
5804 2013827
5805 2540060
5806 2637500
5807 2425862
5808 2480404
5809 2074674
5810 2849207
5811 2847158
5812 2509514
5813 2200570
5814 2306526
5815 2431801
5816 1944366
5817 1816095
5819 2219551
581 3561714
5820 2675051
5821 2738445
5822 2654246
5823 2897018
5824 2227060
5825 2767428
5826 2180000
5827 2772884
5828 2502097
5829 2908659
582 2478253
5830 2138069
5831 2457764
5832 1782337
5834 2015725
5835 2700478
5836 3767547
5837 2860567
5838 2346212
5839 3018511
5840 2001061
5841 2633261
5842 2253564
5843 2523600
5844 2857950
5845 2318849
5846 2220083
5847 2417274
5848 2162791
5849 2427013
584 4813137
5850 2655711
5851 3152185
5852 3359263
5853 3548444
5854 3275168
5855 2882561
5856 2011786
5857 2173228
5858 2823092
5859 1913681
5860 3945500
5861 3246644
5862 2411278
5863 2747221
5864 4013444
5865 2849186
5866 3333010
5867 2096251
5868 1933519
5869 2230487
586 4317064
5870 2429324
5871 2400131
5872 1969203
5874 2392111
5876 2236504
5878 2120674
5879 1593426
5880 2172459
5881 3207508
5882 2842092
5883 1968494
5884 2636589
5885 2448974
5886 1762272
5887 3134564
5888 2146274
5889 2090250
588 2657141
5890 2861939
5892 2902010
5894 2699357
5896 2675847
5898 2383092
5900 2601956
5902 2758848
5903 1466466
5904 768256
5905 2092439
5906 2049752
5907 2151794
5908 2173953
5909 1257213
590 2748860
5910 2012007
5911 2045709
5912 1684285
5913 1700916
5914 1411320
5915 1821350
5916 1422402
5917 1992577
5918 2983269
5919 3210940
591 2927834
5920 4724401
5921 4626686
5922 4423098
5923 5101196
5924 4813571
5925 4189784
5926 4648473
5927 5935659
5928 5309957
5929 6515109
5930 6085081
5931 2802496
5932 3414068
5933 2806154
5934 3044653
5935 3184747
5936 3107743
5937 2487387
5938 2507716
5939 3270064
593 3134352
5940 3080391
5941 5094537
5942 2630685
5943 2199612
5944 2451435
5945 2404087
5948 2430140
5951 1440722
5952 2005832
5953 2389314
5954 2446714
5955 1691378
5956 2335712
5958 1683558
595 3036595
5960 1732908
5962 2091537
5964 1885895
5966 3032937
5969 2824109
5970 3833164
5971 5206690
5972 5334161
5973 3566031
5974 3329116
5975 2833891
5976 3841231
5977 2739476
5978 3732484
5979 3470887
597 2890535
5980 2177308
5981 2264361
5982 1488762
5983 2129816
5984 2039618
5985 1503598
5986 2213098
5987 1871322
5988 1065599
5989 2792540
598 1760385
5990 1789928
5991 2977283
5992 3056711
5993 2038806
5994 2202248
5995 2768956
5996 2130921
5997 2915024
5998 2242585
5999 2980281
6000 2590775
6001 2209907
6002 2497816
6003 2310214
6004 2247261
6005 2216405
6006 2486830
6007 2176227
6008 1678929
600 4883880
6010 1892545
6012 1730489
6013 2245017
6015 1983378
6017 1938484
6018 3216844
6019 3325933
6020 3090424
6021 2965227
6022 2150198
6023 2806770
6024 2202352
6025 2708946
6026 2573115
6027 1454145
6028 2335647
6029 2131500
602 1554713
6030 1832154
6031 2906288
6032 2261744
6033 1583718
6034 2013664
6035 1966624
6036 1886287
6037 1684255
6038 2156541
6039 1904394
6040 1972014
6041 1382007
6042 2131277
6043 2648727
6044 2150232
6045 2270055
6047 1698528
6049 1895769
604 4102325
6051 1572375
6053 1821707
6055 3050906
6056 1848256
6057 2600623
6058 2464466
6059 2419423
6060 2418771
6061 2457179
6063 3060385
6065 2321768
6066 1967680
6067 2000155
6068 2103096
6069 2069772
606 3234232
6070 1986649
6071 1926154
6072 1618825
6074 4465621
6075 1693287
6076 1897567
6077 4955949
6078 3911502
6079 5145656
607 2294743
6080 4775714
6081 4193018
6083 5080781
6084 1713864
6085 1858471
6086 1889219
6087 1828071
6088 661440
6089 1657085
6090 2020645
6091 1983283
6092 1765105
6093 1894833
6094 1776473
6095 2187524
6096 2641191
6097 2025835
6098 1500808
6099 3410865
609 3625053
60 6865472
6100 2091221
6102 2551473
6103 2378747
6105 2438052
6106 4541486
6107 1766327
6108 2279337
6109 1695871
6110 2013916
6111 990972
6112 1832891
6113 1523029
6114 1625826
6115 2215926
6116 2427641
6117 1924234
6118 2223547
6119 1915990
611 1925070
6120 1934275
6121 2227305
6122 2010666
6123 2184827
6124 2568007
6125 2664480
6126 1701575
6127 2314202
6128 2141919
6129 2283169
612 4465025
6130 2345917
6131 1772088
6132 2579152
6133 2413877
6134 2381599
6135 2497737
6136 2489541
6137 2278510
6138 2011841
6139 2004551
6140 1144892
6141 1927578
6142 2059161
6143 1962706
6144 2018168
6145 2185840
6146 1086892
6147 2365525
6148 2621983
6149 1222957
614 2081481
6150 1885056
6151 1836000
6152 1697289
6153 1767218
6154 1767609
6155 1491266
6156 1640178
6157 1754327
6158 1481378
6159 1843595
6160 1311729
6161 1710044
6162 2608523
6163 1826986
6164 2305067
6165 2740903
6168 3284523
6170 1737692
6172 2323542
6175 5102924
6179 5012197
617 2060639
6181 2932738
6182 3705077
6184 771072
6186 1552629
6188 1465212
618 5479119
6190 1570984
6192 1525621
6194 1493661
6196 1515472
6197 1307174
6198 1426046
6199 1277650
619 2459729
6200 883376
6201 1865391
6202 1685607
6203 1906398
6204 1734828
6205 1739362
6206 1740183
6207 1867269
6208 1711797
6209 1510212
6210 1298123
6211 1662387
6212 1475140
6213 1419375
6215 1864710
6216 2099671
6217 2105780
6218 2186477
6219 1876051
621 3540083
6220 2316811
6221 2398245
6223 1911658
6226 1168434
6229 1210420
622 3119159
6232 1437740
6235 1450923
6239 919019
6240 860151
6241 816075
6242 933712
6243 845404
6244 1002062
6245 1440385
6246 1680879
6247 1324289
6248 2118266
6249 1086320
624 4762944
6250 1890992
6252 1121428
6254 1357113
6255 1743156
6261 3178465
6267 3878302
6268 2655841
6269 3432213
626 2470907
6270 2294085
6271 2671909
6272 2461669
6273 3195755
6274 3785752
6275 3409168
6276 3017752
6277 2498174
6278 2752742
6279 2228813
6280 1921362
6281 1860503
6282 2226054
6283 1581307
6284 2106923
6285 1498992
6287 1467812
6289 1316319
6291 1168520
6293 1485202
629 768550
6300 1666795
6306 1926345
6307 2083511
6308 1610769
6310 1905101
6313 2620233
6315 1759917
6316 1767403
631 3784784
6322 4015175
6324 1931651
6326 3425042
6327 1661817
6328 1729275
6333 1024803
6335 1713743
6336 1007928
6337 981979
6338 1767803
6339 1726701
633 6327271
6340 1231980
6342 1722504
6344 1448574
6345 1739504
6346 1787155
6347 1620374
6348 1591883
6349 1274444
6350 1691878
635 2532664
637 2105294
640 1689027
643 3568817
645 3447136
646 4187245
648 3875895
64 1846494
650 1730330
652 6212872
655 2168872
657 4295701
659 4218591
660 3276064
662 2260931
663 1851340
665 1269637
668 1764081
671 1480786
672 2800491
675 1636053
677 3374459
678 2242173
67 2460697
680 2115917
681 4804157
683 3107801
684 976909
685 3163675
687 3052732
688 1852598
689 2793222
690 3299974
693 2717636
695 2416064
697 3285306
698 6725359
700 3671597
702 2688357
703 2992180
704 1937734
705 2542842
707 2771736
710 2451559
712 4219592
714 2748368
716 2192208
718 1551796
719 1984981
721 1468351
722 3197355
725 3354558
726 2066306
728 2302618
729 1926334
733 7397431
734 3259243
735 2774939
736 5258449
738 3355495
73 2058329
740 1724452
742 4096279
744 2650542
745 2291643
747 5194070
748 2279760
749 4914725
751 1104451
752 6502696
754 4669710
755 1957804
756 3966587
757 3109783
759 2756898
760 2339843
761 1841689
762 5500475
764 2223395
765 2329044
766 2529799
767 3692780
769 3969748
771 1986740
773 2608342
774 1791290
776 1642295
777 2238677
779 2413053
780 2376899
781 2785699
782 2077686
783 1623845
784 5025334
787 2531065
790 2736213
791 1790867
793 1382273
794 2372676
796 4628081
798 1413908
799 2827605
79 3755739
800 2943094
801 2227584
802 2867216
804 1444895
806 2035634
809 1256500
811 1508369
812 1381551
815 2910400
816 1971264
817 6604884
818 2611473
81 3453778
821 6486757
822 3452051
823 4044196
825 1615172
827 1286390
828 4108375
829 4487454
830 5218912
831 2231411
832 3001921
834 2819186
836 2471478
838 1570892
83 2103098
841 3421198
842 1978364
843 1878053
847 3944563
848 3735762
850 1892476
852 3653786
853 4216544
854 2153911
855 1829425
857 1875436
859 1431879
861 5083867
863 3803888
864 1925187
865 2727252
866 2878449
867 4867831
869 3716774
872 4723534
873 2324284
874 3880086
875 1748237
876 2687682
879 4055810
87 2897887
880 1825047
881 1813778
882 3968058
884 3790105
885 2499879
887 1534068
889 2940227
890 1827227
892 4955431
893 3291011
896 1114042
897 2540681
898 3078380
8 2121271
900 2489616
902 3948010
904 2691446
905 2905675
908 3196602
909 3452403
90 1969878
912 1228854
914 2761423
916 5745043
919 2194259
920 3510321
921 1810665
923 2219029
925 3738151
926 3323418
929 1849304
931 1262091
933 4681222
936 2523774
937 1765113
940 1902889
941 4491970
942 2669882
943 1814262
946 1531797
947 2015695
948 2839699
949 2655653
952 2096902
954 2169338
955 4101638
957 2561300
959 1887038
960 1690216
963 2258161
964 1807255
967 3675175
968 5315450
96 2010217
970 4916964
971 3257633
973 1968193
974 2343469
975 4868482
976 2041264
978 1586096
979 2430444
980 1958651
982 4582914
983 3707250
985 1303871
986 3900702
988 1480560
989 2191053
991 974231
993 1610057
994 1498040
996 3225656
997 2615280
998 3321071
999 1566789
